52 -31.2923
30.2 -30.2923
23.2 -29.2923
12 -28.2923
0.6 -27.2923
-8 -26.2923
-20.8 -25.2923
-21.8 -24.2923
-27 -23.2923
-33.4 -22.2923
-41 -21.2923
-53.8 -20.2923
-52.8 -19.2923
-61 -18.2923
-55.4 -17.2923
-56 -16.2923
-63.8 -15.2923
-65.8 -14.2923
-60 -13.2923
-55.4 -12.2923
-57 -11.2923
-57.8 -10.2923
-49.8 -9.29231
-42 -8.29231
-42.4 -7.29231
-29 -6.29231
-28.8 -5.29231
-13.8 -4.29231
-13 -3.29231
-1.4 -2.29231
15 -1.29231
-7.5 -0.292308
-5 0.707692
1.5 1.70769
1 2.70769
0.5 3.70769
-7 4.70769
2.5 5.70769
-1 6.70769
2.5 7.70769
1 8.70769
-0.5 9.70769
5 10.7077
3.5 11.7077
-1 16.7077
1.5 12.7077
7 16.7077
-0.5 15.7077
2 12.7077
-0.5 12.7077
10.2054 12.7077
12.4723 12.7077
12.6029 12.7077
14.0756 12.7077
12.2849 12.7077
19.69 12.7077
20.9468 12.7077
19.9924 12.7077
21.0606 12.7077
22.6242 12.7077
18.2799 12.7077
14.6015 12.7077
12 12.7077
22.6227 12.7077
20.3171 12.7077
24.6684 12.7077
28.1008 12.7077
31.0189 12.7077
27.953 12.7077
28.6745 12.7077
35.2514 12.7077
31.0323 12.7077
29.5605 12.7077
34.4411 12.7077
31.193 12.7077
35.1219 12.7077
36.2451 12.7077
31.2876 12.7077
34.7494 12.7077
44.0277 12.7077
43.5647 12.7077
