6e+022 228.384
4.03125e+013 198.372
1.20018e+014 198.372
2e+021 198.372
2e+013 198.372
4.99315e+007 198.312
200200 198.209
200211 198.372
1101.75 198.372
198.372 198.372
198.372 198.372
198.372 198.372
198.372 198.372
198.372 198.372
198.372 198.372
198.372 198.372
198.372 198.372
198.372 198.372
198.372 198.372
198.372 198.372
198.372 198.372
198.372 198.372
198.372 198.372
198.372 198.372
198.372 198.372
198.372 198.372
198.372 198.372
198.372 198.372
198.372 198.372
198.372 198.372
198.372 198.372
198.372 198.372
198.372 198.372
198.372 198.372
198.372 198.372
198.372 198.372
198.372 198.372
198.372 198.372
198.372 198.372
198.372 198.372
198.372 198.372
198.372 198.372
198.372 198.372
198.372 198.372
198.372 198.372
198.372 198.372
198.372 198.372
198.372 198.372
198.372 198.372
198.372 198.372
198.372 198.372
198.372 198.372
198.372 198.372
198.372 198.372
198.372 198.372
198.372 198.372
198.372 198.372
198.372 198.372
198.372 198.372
